id
502
208
510
303
403
510
429
510
428
303
418
307
505
405
308
405
424
506
502
304
504
414
426
204
205
102
304
203
302
428
403
425
412
510
409
505
409
201
429
425
416
412
504
417
431
408
300
410
226
301
417
431
412
205
510
428
100
410
307
429
421
451
503
414
302
416
421
423
411
204
401
404
304
205
308
426
207
200
511
429
418
407
422
201
208
510
103
407
451
426
428
308
502
303
510
300
503
429
404
404
412
424
451
503
400
426
404
207
406
500
300
507
200
508
425
410
423
505
507
303
428
413
416
403
502
103
423
206
301
300
100
400
103
502
510
422
422
425
431
504
409
412
508
502
100
226
403
505
301
416
303
502
426
408
404
208
501
500
507
402
418
402
413
507
410
507
423
405
416
203
403
451
408
416
407
501
410
417
202
407
426
411
204
503
301
422
511
412
425
308
413
416
407
302
500
202
103
206
402
508
451
410
406
429
504
418
202
411
405
505
307
408
201
414
100
505
429
431
401
203
421
505
404
511
300
103
303
226
204
302
307
415
410
202
411
414
429
300
101
402
501
200
226
304
501
200
307
415
416
504
501
101
424
307
411
402
423
412
208
205
226
503
451
503
511
307
425
511
506
404
303
414
203
506
204
508
200
425
226
501
305
409
414
501
431
400
206
424
307
304
303
510
410
501
409
206
204
305
406
411
503
422
100
204
510
305
507
402
431
428
511
402
508
510
416
414
400
505
424
422
510
431
305
411
503
421
502
408
304
504
424
403
410
428
511
451
417
206
422
208
510
207
508
506
300
451
300
102
207
102
305
425
226
208
308
405
405
501
304
504
304
305
305
103
301
418
503
407
406
510
422
408
502
415
411
406
421
226
407
308
505
302
401
202
406
416
422
207
400
422
300
100
407
500
429
208
205
414
308
501
413
504
414
504
507
406
502
415
411
451
405
405
416
508
500
303
207
421
410
101
428
300
423
302
500
308
302
206
308
423
424
425
511
428
423
400
103
451
500
417
308
417
307
411
423
510
200
417
409
208
506
416
506
303
425
307
204
406
206
409
408
429
308
226
413
202
301
504
200
423
421
103
424
204
508
413
421
431
206
411
426
502
507
503
100
401
101
200
202
511
207
204
451
429
407
206
425
307
431
208
402
202
421
203
203
102
206
511
506
422
426
205
412
507
423
203
505
304
413
205
200
505
207
422
417
401
511
425
416
502
207
305
415
504
507
413
406
407
505
418
422
201
422
200
406
414
426
202
300
503
402
206
305
205
301
406
206
511
201
511
500
425
411
204
416
431
421
400
501
503
201
429
417
425
416
402
451
303
426
102
103
103
300
226
204
204
205
303
429
407
506
417
307
506
303
418
404
414
502
403
451
429
406
205
226
308
511
506
103
302
408
204
507
302
303
418
407
415
301
505
303
407
451
428
200
501
303
510
415
201
416
303
307
400
301
200
431
421
100
103
428
305
410
202
100
102
506
510
504
203
504
202
407
102
507
308
301
506
204
507
423
423
426
207
422
400
407
204
203
431
418
307
302
501
402
408
417
451
203
103
103
403
414
510
300
451
414
400
504
200
451
103
414
428
302
206
200
451
416
207
405
206
431
204
506
425
507
402
408
510
305
308
418
503
401
308
412
414
204
422
204
207
204
412
406
404
421
308
424
409
307
404
206
308
406
200
205
423
418
501
403
416
410
408
307
406
425
451
451
503
400
411
507
400
412
200
425
200
401
421
423
416
405
429
300
502
421
102
503
303
304
100
412
413
305
405
303
423
451
103
511
415
202
303
407
407
304
208
407
205
304
206
226
201
404
406
308
303
406
511
431
411
406
200
303
404
511
301
425
422
416
428
101
502
203
411
103
307
101
451
207
424
414
511
408
413
428
407
421
451
205
300
200
308
416
200
408
400
431
506
416
417
401
428
504
226
425
205
506
414
421
100
505
426
305
502
226
416
208
226
206
504
402
415
300
418
100
226
412
429
410
422
501
417
208
451
411
206
431
505
201
405
410
417
302
400
400
406
506
207
506
431
411
305
207
502
205
412
300
431
429
403
404
205
301
400
204
201
503
208
408
304
302
502
402
203
405
206
418
403
500
411
429
303
202
408
408
422
424
422
307
405
307
500
404
406
203
416
201
408
204
501
102
423
413
414
226
301
429
416
401
102
403
424
422
431
305
505
417
202
511
103
418
200
307
424
502
200
426
300
408
507
418
226
303
307
501
103
508
451
422
413
411
304
404
502
421
425
401
301
425
100
511
406
200
421
402
200
421
412
